fructose <- c(23.1, 25.6, 22.5, 29.8, 26.0, 22.5, 26.5, 27.2, 26.7, 24.1, 29.5, 26.2, 23.1, 18.4, 28.4, 39.9, 40.0, 42.8)

normal <- c(23.3, 22.4, 23.7, 23.1, 20.3, 12.0, 22.5, 19.8, 19.4, 14.1, 18.1, 21.7, 25.4, 19.6, 21.6)

